$ANSIBLE_VAULT;1.2;AES256;ssh-config
37303734326630653335343232363864366461306164616239376334613938393263303663373538
6233373031663237666534393032633662363565613364330a636337633133633936343862613565
30323163303465636534613666356264313866663963653264323539656635343965663562303834
3438623062346133320a656330623936653831666237386362643765373534623133393162323538
65373832346638313433386639303130396365343666373830346238643132336437363338626338
34326661376533616136346133323765383664323561346662386533613664613136363433313439
61383561303464663831373138623662373138666331353765336662633161303631303431396464
66643562313563653136316636646139626261366339373833646431346638386264373037306138
62323165373264613462623035616562643630303136313863386131636634643837633637386162
62353562613738323063323836353463366335616639633832376330646334336535346430646564
64313732333136333733396238656666383335616638393236393765366466643865333230353731
62363135303762306230626433316261373530313337323738393436643661326639363162366237
61623666666134396561363962326462366266643763306562373164653033653864663866323038
64333433616330396537653132333338303234626166663734353437616335323238313937393637
326631376432333639343864663431353730
